Vector Kr : 
202
213
45
37
125
114
135
101
0
202
175
150
111
102
243
239
164
74
138
59
88
148
52
64
188
11
37
132
44
156
243
146
96
195
154
32
150
13
217
105
18
33
226
189
116
243
169
77
104
212
237
1
153
108
36
191
175
220
201
238
63
58
154
170
106
7
140
158
194
102
27
53
116
194
154
227
92
222
158
129
144
83
199
180
107
10
68
217
31
127
199
121
206
39
54
216
9
42
190
67
85
33
161
122
65
40
140
196
229
99
186
70
240
106
103
81
134
8
160
51
101
76
13
246
212
183
248
164
181
209
7
56
9
31
116
160
165
23
101
246
108
139
191
206
64
222
64
26
105
238
194
181
135
146
251
235
26
33
204
151
170
235
14
71
161
145
117
152
224
170
111
254
150
24
248
23
241
203
85
176
31
13
141
57
247
215
218
101
216
194
127
149
146
105
200
158
115
218
204
21
98
69
253
0
41
212
174
162
159
229
8
231
97
225
10
196
201
80
248
104
49
114
173
132
5
248
49
178
79
200
226
26
3
7
16
72
25
87
41
239
180
44
191
236
87
141
54
113
127
36
107
176
192
185
94
49
242
184
184
108
186
8
59
219
77
122
127
216
229
226
208
191
179
134
253
157
232
85
189
97
67
82
140
139
126
82
148
238
174
137
83
55
70
23
131
96
122
244
66
191
Vector Kc : 
192
72
215
154
131
201
191
40
103
207
79
114
91
158
33
135
127
90
168
24
246
235
60
28
40
61
111
66
60
84
74
205
138
192
231
178
155
187
236
245
61
85
50
0
81
64
212
244
111
213
80
253
222
39
15
251
130
59
16
0
5
86
99
229
237
74
222
51
229
238
254
149
111
224
176
173
112
160
233
234
80
37
110
142
158
53
8
155
163
155
27
77
78
209
126
197
204
122
232
71
11
89
146
254
0
138
199
172
152
76
157
114
92
108
212
105
59
137
59
183
208
173
62
73
214
116
124
4
104
160
239
106
45
239
251
162
133
147
179
215
56
120
229
92
246
176
9
65
135
115
18
104
218
253
119
251
238
103
117
40
50
44
214
80
244
91
222
217
ITER_MAX : 
1
